0.993696264194388 0.0058861141157596 0.523153089251626 0.0201575946497069 0.00486633914781781 0.177592045892469 0.0227672469462361 0.0147548666864408 0.0073838703485123 0.0493066234889949 0.00166665985653516 0.156982618940563 0.000295818365113041 0.00888337650461333 
0.945766950704478 0.000261204310138044 0.534747869768306 0.00132535716743889 0.0014200017055806 0.232461817567242 0.0266000656110484 0.00592484497765912 0.00642081202116897 0.0387012944892568 3.81990287411038e-05 0.0957700934485209 0.000157447911772115 0.00193794269760486 
1.18009795832416 0.0380629090700662 0.482204672680014 0.0984283722541732 0.0165428454506447 0.132542489978905 0.0188133373221518 0.0303973688998843 0.0102546738735055 0.0694011857940036 0.0165323780946393 0.232315961945984 0.000461819138547901 0.0341399438216423 
1.46592295523354 0.106924185657862 0.408900996096824 0.226006987524235 0.0375470658347204 0.0956891996030603 0.0145656574339223 0.0443845842332357 0.0129173592932941 0.0939594889399593 0.061654424039995 0.283405260642726 0.000572540973364776 0.0793952049603461 
1.63651946632281 0.174113738357379 0.318013959792884 0.319401436714199 0.0563864059885042 0.0664400968482357 0.0105647226806515 0.0483263209667366 0.0133016736861709 0.10773216512937 0.120839950692309 0.281280226295069 0.000570528633425794 0.119548240537872 
1.55756357401873 0.199070427857334 0.23000498300026 0.331475536632857 0.0623004167921056 0.0445330505587514 0.0072722285702034 0.0428603573005756 0.0115207639146227 0.103049123564862 0.15566871576915 0.237383469511863 0.000481779422876018 0.131942721123267 
1.63384207067947 0.171703865708132 0.322409181200522 0.316751774615789 0.0557417173132815 0.067658941383546 0.0107410827091627 0.0483869834185194 0.0133406946770497 0.107494074776292 0.118324690857128 0.282533154447744 0.00057302483318681 0.118182884739118 
1.64075767210683 0.180219078648356 0.305922822544511 0.325689440558177 0.0580002933382763 0.0631601576855586 0.0100863499279035 0.0480458787349789 0.0131678358070747 0.108158893091557 0.12745690402798 0.277325652039763 0.000562610962861997 0.122961754739826 
1.63372487365054 0.190723423681056 0.279555351100068 0.334292912090837 0.0606720408717677 0.0563405577232491 0.00907467044004378 0.0468857751063024 0.0127473632696247 0.107918841954592 0.14011650026855 0.266265637894832 0.000540316363622214 0.128591482885991 
1.64110954870034 0.183232177785816 0.299289567729801 0.328514015254542 0.0587838106245035 0.0614035890495941 0.00982793252775079 0.047823266020164 0.0130783252817943 0.108250160647298 0.130883048698606 0.274849864724207 0.000557634421758096 0.1246161559345 
1.64115355253541 0.182559631574155 0.300817633066527 0.327902640596562 0.0586098240711424 0.0618056683950214 0.00988721940640715 0.0478787772769404 0.0130999367541123 0.10823813663279 0.13010731033296 0.275438984219659 0.000558819617774437 0.124248970591355 
1.64115382413045 0.182491284260804 0.300971289975775 0.32783986049764 0.0585921119929719 0.0618461841977067 0.00989318906218352 0.0478842200301187 0.0131020772624919 0.108236629108323 0.13002885011055 0.275497605875485 0.000558937521348138 0.124211584235057 
1.64115383175587 0.182501183691621 0.300949052527026 0.327848960851754 0.0585946777561032 0.061840319737301 0.00989232503451962 0.0478834339251598 0.0131017678551311 0.108236850653426 0.130040210103452 0.275489129071571 0.000558920472633166 0.124217000076175 
1.64115382583749 0.182509533641451 0.300930290939259 0.327856634883568 0.0585968418297467 0.0618353721825098 0.00989159608394605 0.047882770278204 0.0131015067127746 0.108237036681515 0.130049793107676 0.275481975404018 0.000558906084939116 0.12422156800788 
1.64115383175587 0.182501183691621 0.300949052527026 0.327848960851754 0.0585946777561032 0.061840319737301 0.00989232503451962 0.0478834339251598 0.0131017678551311 0.108236850653426 0.130040210103452 0.275489129071571 0.000558920472633166 0.124217000076175 
0.993696264194388 0.0058861141157596 0.523153089251626 0.0201575946497069 0.00486633914781781 0.177592045892469 0.0227672469462361 0.0147548666864408 0.0073838703485123 0.0493066234889949 0.00166665985653516 0.156982618940563 0.000295818365113041 0.00888337650461333 
0.945766950704478 0.000261204310138044 0.534747869768306 0.00132535716743889 0.0014200017055806 0.232461817567242 0.0266000656110484 0.00592484497765912 0.00642081202116897 0.0387012944892568 3.81990287411038e-05 0.0957700934485209 0.000157447911772115 0.00193794269760486 
1.18009795832416 0.0380629090700662 0.482204672680014 0.0984283722541732 0.0165428454506447 0.132542489978905 0.0188133373221518 0.0303973688998843 0.0102546738735055 0.0694011857940036 0.0165323780946393 0.232315961945984 0.000461819138547901 0.0341399438216423 
1.46592295523354 0.106924185657862 0.408900996096824 0.226006987524235 0.0375470658347204 0.0956891996030603 0.0145656574339223 0.0443845842332357 0.0129173592932941 0.0939594889399593 0.061654424039995 0.283405260642726 0.000572540973364776 0.0793952049603461 
1.63651946632281 0.174113738357379 0.318013959792884 0.319401436714199 0.0563864059885042 0.0664400968482357 0.0105647226806515 0.0483263209667366 0.0133016736861709 0.10773216512937 0.120839950692309 0.281280226295069 0.000570528633425794 0.119548240537872 
1.55756357401873 0.199070427857334 0.23000498300026 0.331475536632857 0.0623004167921056 0.0445330505587514 0.0072722285702034 0.0428603573005756 0.0115207639146227 0.103049123564862 0.15566871576915 0.237383469511863 0.000481779422876018 0.131942721123267 
1.63384207067947 0.171703865708132 0.322409181200522 0.316751774615789 0.0557417173132815 0.067658941383546 0.0107410827091627 0.0483869834185194 0.0133406946770497 0.107494074776292 0.118324690857128 0.282533154447744 0.00057302483318681 0.118182884739118 
1.64075767210683 0.180219078648356 0.305922822544511 0.325689440558177 0.0580002933382763 0.0631601576855586 0.0100863499279035 0.0480458787349789 0.0131678358070747 0.108158893091557 0.12745690402798 0.277325652039763 0.000562610962861997 0.122961754739826 
1.63372487365054 0.190723423681056 0.279555351100068 0.334292912090837 0.0606720408717677 0.0563405577232491 0.00907467044004378 0.0468857751063024 0.0127473632696247 0.107918841954592 0.14011650026855 0.266265637894832 0.000540316363622214 0.128591482885991 
1.64110954870034 0.183232177785816 0.299289567729801 0.328514015254542 0.0587838106245035 0.0614035890495941 0.00982793252775079 0.047823266020164 0.0130783252817943 0.108250160647298 0.130883048698606 0.274849864724207 0.000557634421758096 0.1246161559345 
1.64115355253541 0.182559631574155 0.300817633066527 0.327902640596562 0.0586098240711424 0.0618056683950214 0.00988721940640715 0.0478787772769404 0.0130999367541123 0.10823813663279 0.13010731033296 0.275438984219659 0.000558819617774437 0.124248970591355 
1.64115382413045 0.182491284260804 0.300971289975775 0.32783986049764 0.0585921119929719 0.0618461841977067 0.00989318906218352 0.0478842200301187 0.0131020772624919 0.108236629108323 0.13002885011055 0.275497605875485 0.000558937521348138 0.124211584235057 
1.64115383175587 0.182501183691621 0.300949052527026 0.327848960851754 0.0585946777561032 0.061840319737301 0.00989232503451962 0.0478834339251598 0.0131017678551311 0.108236850653426 0.130040210103452 0.275489129071571 0.000558920472633166 0.124217000076175 
1.64115382583749 0.182509533641451 0.300930290939259 0.327856634883568 0.0585968418297467 0.0618353721825098 0.00989159608394605 0.047882770278204 0.0131015067127746 0.108237036681515 0.130049793107676 0.275481975404018 0.000558906084939116 0.12422156800788 
1.64115383175587 0.182501183691621 0.300949052527026 0.327848960851754 0.0585946777561032 0.061840319737301 0.00989232503451962 0.0478834339251598 0.0131017678551311 0.108236850653426 0.130040210103452 0.275489129071571 0.000558920472633166 0.124217000076175 
0.993696264194388 0.0058861141157596 0.523153089251626 0.0201575946497069 0.00486633914781781 0.177592045892469 0.0227672469462361 0.0147548666864408 0.0073838703485123 0.0493066234889949 0.00166665985653516 0.156982618940563 0.000295818365113041 0.00888337650461333 
0.945766950704478 0.000261204310138044 0.534747869768306 0.00132535716743889 0.0014200017055806 0.232461817567242 0.0266000656110484 0.00592484497765912 0.00642081202116897 0.0387012944892568 3.81990287411038e-05 0.0957700934485209 0.000157447911772115 0.00193794269760486 
1.18009795832416 0.0380629090700662 0.482204672680014 0.0984283722541732 0.0165428454506447 0.132542489978905 0.0188133373221518 0.0303973688998843 0.0102546738735055 0.0694011857940036 0.0165323780946393 0.232315961945984 0.000461819138547901 0.0341399438216423 
1.46592295523354 0.106924185657862 0.408900996096824 0.226006987524235 0.0375470658347204 0.0956891996030603 0.0145656574339223 0.0443845842332357 0.0129173592932941 0.0939594889399593 0.061654424039995 0.283405260642726 0.000572540973364776 0.0793952049603461 
1.63651946632281 0.174113738357379 0.318013959792884 0.319401436714199 0.0563864059885042 0.0664400968482357 0.0105647226806515 0.0483263209667366 0.0133016736861709 0.10773216512937 0.120839950692309 0.281280226295069 0.000570528633425794 0.119548240537872 
1.55756357401873 0.199070427857334 0.23000498300026 0.331475536632857 0.0623004167921056 0.0445330505587514 0.0072722285702034 0.0428603573005756 0.0115207639146227 0.103049123564862 0.15566871576915 0.237383469511863 0.000481779422876018 0.131942721123267 
1.63384207067947 0.171703865708132 0.322409181200522 0.316751774615789 0.0557417173132815 0.067658941383546 0.0107410827091627 0.0483869834185194 0.0133406946770497 0.107494074776292 0.118324690857128 0.282533154447744 0.00057302483318681 0.118182884739118 
1.64075767210683 0.180219078648356 0.305922822544511 0.325689440558177 0.0580002933382763 0.0631601576855586 0.0100863499279035 0.0480458787349789 0.0131678358070747 0.108158893091557 0.12745690402798 0.277325652039763 0.000562610962861997 0.122961754739826 
1.63372487365054 0.190723423681056 0.279555351100068 0.334292912090837 0.0606720408717677 0.0563405577232491 0.00907467044004378 0.0468857751063024 0.0127473632696247 0.107918841954592 0.14011650026855 0.266265637894832 0.000540316363622214 0.128591482885991 
1.64110954870034 0.183232177785816 0.299289567729801 0.328514015254542 0.0587838106245035 0.0614035890495941 0.00982793252775079 0.047823266020164 0.0130783252817943 0.108250160647298 0.130883048698606 0.274849864724207 0.000557634421758096 0.1246161559345 
1.64115355253541 0.182559631574155 0.300817633066527 0.327902640596562 0.0586098240711424 0.0618056683950214 0.00988721940640715 0.0478787772769404 0.0130999367541123 0.10823813663279 0.13010731033296 0.275438984219659 0.000558819617774437 0.124248970591355 
1.64115382413045 0.182491284260804 0.300971289975775 0.32783986049764 0.0585921119929719 0.0618461841977067 0.00989318906218352 0.0478842200301187 0.0131020772624919 0.108236629108323 0.13002885011055 0.275497605875485 0.000558937521348138 0.124211584235057 
1.64115383175587 0.182501183691621 0.300949052527026 0.327848960851754 0.0585946777561032 0.061840319737301 0.00989232503451962 0.0478834339251598 0.0131017678551311 0.108236850653426 0.130040210103452 0.275489129071571 0.000558920472633166 0.124217000076175 
1.64115382583749 0.182509533641451 0.300930290939259 0.327856634883568 0.0585968418297467 0.0618353721825098 0.00989159608394605 0.047882770278204 0.0131015067127746 0.108237036681515 0.130049793107676 0.275481975404018 0.000558906084939116 0.12422156800788 
1.64115383175587 0.182501183691621 0.300949052527026 0.327848960851754 0.0585946777561032 0.061840319737301 0.00989232503451962 0.0478834339251598 0.0131017678551311 0.108236850653426 0.130040210103452 0.275489129071571 0.000558920472633166 0.124217000076175 
0.993696264194388 0.0058861141157596 0.523153089251626 0.0201575946497069 0.00486633914781781 0.177592045892469 0.0227672469462361 0.0147548666864408 0.0073838703485123 0.0493066234889949 0.00166665985653516 0.156982618940563 0.000295818365113041 0.00888337650461333 
0.945766950704478 0.000261204310138044 0.534747869768306 0.00132535716743889 0.0014200017055806 0.232461817567242 0.0266000656110484 0.00592484497765912 0.00642081202116897 0.0387012944892568 3.81990287411038e-05 0.0957700934485209 0.000157447911772115 0.00193794269760486 
1.18009795832416 0.0380629090700662 0.482204672680014 0.0984283722541732 0.0165428454506447 0.132542489978905 0.0188133373221518 0.0303973688998843 0.0102546738735055 0.0694011857940036 0.0165323780946393 0.232315961945984 0.000461819138547901 0.0341399438216423 
1.46592295523354 0.106924185657862 0.408900996096824 0.226006987524235 0.0375470658347204 0.0956891996030603 0.0145656574339223 0.0443845842332357 0.0129173592932941 0.0939594889399593 0.061654424039995 0.283405260642726 0.000572540973364776 0.0793952049603461 
1.63651946632281 0.174113738357379 0.318013959792884 0.319401436714199 0.0563864059885042 0.0664400968482357 0.0105647226806515 0.0483263209667366 0.0133016736861709 0.10773216512937 0.120839950692309 0.281280226295069 0.000570528633425794 0.119548240537872 
1.55756357401873 0.199070427857334 0.23000498300026 0.331475536632857 0.0623004167921056 0.0445330505587514 0.0072722285702034 0.0428603573005756 0.0115207639146227 0.103049123564862 0.15566871576915 0.237383469511863 0.000481779422876018 0.131942721123267 
1.63384207067947 0.171703865708132 0.322409181200522 0.316751774615789 0.0557417173132815 0.067658941383546 0.0107410827091627 0.0483869834185194 0.0133406946770497 0.107494074776292 0.118324690857128 0.282533154447744 0.00057302483318681 0.118182884739118 
1.64075767210683 0.180219078648356 0.305922822544511 0.325689440558177 0.0580002933382763 0.0631601576855586 0.0100863499279035 0.0480458787349789 0.0131678358070747 0.108158893091557 0.12745690402798 0.277325652039763 0.000562610962861997 0.122961754739826 
1.63372487365054 0.190723423681056 0.279555351100068 0.334292912090837 0.0606720408717677 0.0563405577232491 0.00907467044004378 0.0468857751063024 0.0127473632696247 0.107918841954592 0.14011650026855 0.266265637894832 0.000540316363622214 0.128591482885991 
1.64110954870034 0.183232177785816 0.299289567729801 0.328514015254542 0.0587838106245035 0.0614035890495941 0.00982793252775079 0.047823266020164 0.0130783252817943 0.108250160647298 0.130883048698606 0.274849864724207 0.000557634421758096 0.1246161559345 
1.64115355253541 0.182559631574155 0.300817633066527 0.327902640596562 0.0586098240711424 0.0618056683950214 0.00988721940640715 0.0478787772769404 0.0130999367541123 0.10823813663279 0.13010731033296 0.275438984219659 0.000558819617774437 0.124248970591355 
1.64115382413045 0.182491284260804 0.300971289975775 0.32783986049764 0.0585921119929719 0.0618461841977067 0.00989318906218352 0.0478842200301187 0.0131020772624919 0.108236629108323 0.13002885011055 0.275497605875485 0.000558937521348138 0.124211584235057 
1.64115383175587 0.182501183691621 0.300949052527026 0.327848960851754 0.0585946777561032 0.061840319737301 0.00989232503451962 0.0478834339251598 0.0131017678551311 0.108236850653426 0.130040210103452 0.275489129071571 0.000558920472633166 0.124217000076175 
1.64115382583749 0.182509533641451 0.300930290939259 0.327856634883568 0.0585968418297467 0.0618353721825098 0.00989159608394605 0.047882770278204 0.0131015067127746 0.108237036681515 0.130049793107676 0.275481975404018 0.000558906084939116 0.12422156800788 
1.64115383175587 0.182501183691621 0.300949052527026 0.327848960851754 0.0585946777561032 0.061840319737301 0.00989232503451962 0.0478834339251598 0.0131017678551311 0.108236850653426 0.130040210103452 0.275489129071571 0.000558920472633166 0.124217000076175 
0.993696264194388 0.0058861141157596 0.523153089251626 0.0201575946497069 0.00486633914781781 0.177592045892469 0.0227672469462361 0.0147548666864408 0.0073838703485123 0.0493066234889949 0.00166665985653516 0.156982618940563 0.000295818365113041 0.00888337650461333 
0.945766950704478 0.000261204310138044 0.534747869768306 0.00132535716743889 0.0014200017055806 0.232461817567242 0.0266000656110484 0.00592484497765912 0.00642081202116897 0.0387012944892568 3.81990287411038e-05 0.0957700934485209 0.000157447911772115 0.00193794269760486 
1.18009795832416 0.0380629090700662 0.482204672680014 0.0984283722541732 0.0165428454506447 0.132542489978905 0.0188133373221518 0.0303973688998843 0.0102546738735055 0.0694011857940036 0.0165323780946393 0.232315961945984 0.000461819138547901 0.0341399438216423 
1.46592295523354 0.106924185657862 0.408900996096824 0.226006987524235 0.0375470658347204 0.0956891996030603 0.0145656574339223 0.0443845842332357 0.0129173592932941 0.0939594889399593 0.061654424039995 0.283405260642726 0.000572540973364776 0.0793952049603461 
1.63651946632281 0.174113738357379 0.318013959792884 0.319401436714199 0.0563864059885042 0.0664400968482357 0.0105647226806515 0.0483263209667366 0.0133016736861709 0.10773216512937 0.120839950692309 0.281280226295069 0.000570528633425794 0.119548240537872 
1.55756357401873 0.199070427857334 0.23000498300026 0.331475536632857 0.0623004167921056 0.0445330505587514 0.0072722285702034 0.0428603573005756 0.0115207639146227 0.103049123564862 0.15566871576915 0.237383469511863 0.000481779422876018 0.131942721123267 
1.63384207067947 0.171703865708132 0.322409181200522 0.316751774615789 0.0557417173132815 0.067658941383546 0.0107410827091627 0.0483869834185194 0.0133406946770497 0.107494074776292 0.118324690857128 0.282533154447744 0.00057302483318681 0.118182884739118 
1.64075767210683 0.180219078648356 0.305922822544511 0.325689440558177 0.0580002933382763 0.0631601576855586 0.0100863499279035 0.0480458787349789 0.0131678358070747 0.108158893091557 0.12745690402798 0.277325652039763 0.000562610962861997 0.122961754739826 
1.63372487365054 0.190723423681056 0.279555351100068 0.334292912090837 0.0606720408717677 0.0563405577232491 0.00907467044004378 0.0468857751063024 0.0127473632696247 0.107918841954592 0.14011650026855 0.266265637894832 0.000540316363622214 0.128591482885991 
1.64110954870034 0.183232177785816 0.299289567729801 0.328514015254542 0.0587838106245035 0.0614035890495941 0.00982793252775079 0.047823266020164 0.0130783252817943 0.108250160647298 0.130883048698606 0.274849864724207 0.000557634421758096 0.1246161559345 
1.64115355253541 0.182559631574155 0.300817633066527 0.327902640596562 0.0586098240711424 0.0618056683950214 0.00988721940640715 0.0478787772769404 0.0130999367541123 0.10823813663279 0.13010731033296 0.275438984219659 0.000558819617774437 0.124248970591355 
1.64115382413045 0.182491284260804 0.300971289975775 0.32783986049764 0.0585921119929719 0.0618461841977067 0.00989318906218352 0.0478842200301187 0.0131020772624919 0.108236629108323 0.13002885011055 0.275497605875485 0.000558937521348138 0.124211584235057 
1.64115383175587 0.182501183691621 0.300949052527026 0.327848960851754 0.0585946777561032 0.061840319737301 0.00989232503451962 0.0478834339251598 0.0131017678551311 0.108236850653426 0.130040210103452 0.275489129071571 0.000558920472633166 0.124217000076175 
1.64115382583749 0.182509533641451 0.300930290939259 0.327856634883568 0.0585968418297467 0.0618353721825098 0.00989159608394605 0.047882770278204 0.0131015067127746 0.108237036681515 0.130049793107676 0.275481975404018 0.000558906084939116 0.12422156800788 
1.64115383175587 0.182501183691621 0.300949052527026 0.327848960851754 0.0585946777561032 0.061840319737301 0.00989232503451962 0.0478834339251598 0.0131017678551311 0.108236850653426 0.130040210103452 0.275489129071571 0.000558920472633166 0.124217000076175 
0.993696264194388 0.0058861141157596 0.523153089251626 0.0201575946497069 0.00486633914781781 0.177592045892469 0.0227672469462361 0.0147548666864408 0.0073838703485123 0.0493066234889949 0.00166665985653516 0.156982618940563 0.000295818365113041 0.00888337650461333 
0.945766950704478 0.000261204310138044 0.534747869768306 0.00132535716743889 0.0014200017055806 0.232461817567242 0.0266000656110484 0.00592484497765912 0.00642081202116897 0.0387012944892568 3.81990287411038e-05 0.0957700934485209 0.000157447911772115 0.00193794269760486 
1.18009795832416 0.0380629090700662 0.482204672680014 0.0984283722541732 0.0165428454506447 0.132542489978905 0.0188133373221518 0.0303973688998843 0.0102546738735055 0.0694011857940036 0.0165323780946393 0.232315961945984 0.000461819138547901 0.0341399438216423 
1.46592295523354 0.106924185657862 0.408900996096824 0.226006987524235 0.0375470658347204 0.0956891996030603 0.0145656574339223 0.0443845842332357 0.0129173592932941 0.0939594889399593 0.061654424039995 0.283405260642726 0.000572540973364776 0.0793952049603461 
1.63651946632281 0.174113738357379 0.318013959792884 0.319401436714199 0.0563864059885042 0.0664400968482357 0.0105647226806515 0.0483263209667366 0.0133016736861709 0.10773216512937 0.120839950692309 0.281280226295069 0.000570528633425794 0.119548240537872 
1.55756357401873 0.199070427857334 0.23000498300026 0.331475536632857 0.0623004167921056 0.0445330505587514 0.0072722285702034 0.0428603573005756 0.0115207639146227 0.103049123564862 0.15566871576915 0.237383469511863 0.000481779422876018 0.131942721123267 
1.63384207067947 0.171703865708132 0.322409181200522 0.316751774615789 0.0557417173132815 0.067658941383546 0.0107410827091627 0.0483869834185194 0.0133406946770497 0.107494074776292 0.118324690857128 0.282533154447744 0.00057302483318681 0.118182884739118 
1.64075767210683 0.180219078648356 0.305922822544511 0.325689440558177 0.0580002933382763 0.0631601576855586 0.0100863499279035 0.0480458787349789 0.0131678358070747 0.108158893091557 0.12745690402798 0.277325652039763 0.000562610962861997 0.122961754739826 
1.63372487365054 0.190723423681056 0.279555351100068 0.334292912090837 0.0606720408717677 0.0563405577232491 0.00907467044004378 0.0468857751063024 0.0127473632696247 0.107918841954592 0.14011650026855 0.266265637894832 0.000540316363622214 0.128591482885991 
1.64110954870034 0.183232177785816 0.299289567729801 0.328514015254542 0.0587838106245035 0.0614035890495941 0.00982793252775079 0.047823266020164 0.0130783252817943 0.108250160647298 0.130883048698606 0.274849864724207 0.000557634421758096 0.1246161559345 
1.64115355253541 0.182559631574155 0.300817633066527 0.327902640596562 0.0586098240711424 0.0618056683950214 0.00988721940640715 0.0478787772769404 0.0130999367541123 0.10823813663279 0.13010731033296 0.275438984219659 0.000558819617774437 0.124248970591355 
1.64115382413045 0.182491284260804 0.300971289975775 0.32783986049764 0.0585921119929719 0.0618461841977067 0.00989318906218352 0.0478842200301187 0.0131020772624919 0.108236629108323 0.13002885011055 0.275497605875485 0.000558937521348138 0.124211584235057 
1.64115383175587 0.182501183691621 0.300949052527026 0.327848960851754 0.0585946777561032 0.061840319737301 0.00989232503451962 0.0478834339251598 0.0131017678551311 0.108236850653426 0.130040210103452 0.275489129071571 0.000558920472633166 0.124217000076175 
1.64115382583749 0.182509533641451 0.300930290939259 0.327856634883568 0.0585968418297467 0.0618353721825098 0.00989159608394605 0.047882770278204 0.0131015067127746 0.108237036681515 0.130049793107676 0.275481975404018 0.000558906084939116 0.12422156800788 
1.64115383175587 0.182501183691621 0.300949052527026 0.327848960851754 0.0585946777561032 0.061840319737301 0.00989232503451962 0.0478834339251598 0.0131017678551311 0.108236850653426 0.130040210103452 0.275489129071571 0.000558920472633166 0.124217000076175 
0.993696264194388 0.0058861141157596 0.523153089251626 0.0201575946497069 0.00486633914781781 0.177592045892469 0.0227672469462361 0.0147548666864408 0.0073838703485123 0.0493066234889949 0.00166665985653516 0.156982618940563 0.000295818365113041 0.00888337650461333 
0.945766950704478 0.000261204310138044 0.534747869768306 0.00132535716743889 0.0014200017055806 0.232461817567242 0.0266000656110484 0.00592484497765912 0.00642081202116897 0.0387012944892568 3.81990287411038e-05 0.0957700934485209 0.000157447911772115 0.00193794269760486 
1.18009795832416 0.0380629090700662 0.482204672680014 0.0984283722541732 0.0165428454506447 0.132542489978905 0.0188133373221518 0.0303973688998843 0.0102546738735055 0.0694011857940036 0.0165323780946393 0.232315961945984 0.000461819138547901 0.0341399438216423 
1.46592295523354 0.106924185657862 0.408900996096824 0.226006987524235 0.0375470658347204 0.0956891996030603 0.0145656574339223 0.0443845842332357 0.0129173592932941 0.0939594889399593 0.061654424039995 0.283405260642726 0.000572540973364776 0.0793952049603461 
1.63651946632281 0.174113738357379 0.318013959792884 0.319401436714199 0.0563864059885042 0.0664400968482357 0.0105647226806515 0.0483263209667366 0.0133016736861709 0.10773216512937 0.120839950692309 0.281280226295069 0.000570528633425794 0.119548240537872 
1.55756357401873 0.199070427857334 0.23000498300026 0.331475536632857 0.0623004167921056 0.0445330505587514 0.0072722285702034 0.0428603573005756 0.0115207639146227 0.103049123564862 0.15566871576915 0.237383469511863 0.000481779422876018 0.131942721123267 
1.63384207067947 0.171703865708132 0.322409181200522 0.316751774615789 0.0557417173132815 0.067658941383546 0.0107410827091627 0.0483869834185194 0.0133406946770497 0.107494074776292 0.118324690857128 0.282533154447744 0.00057302483318681 0.118182884739118 
1.64075767210683 0.180219078648356 0.305922822544511 0.325689440558177 0.0580002933382763 0.0631601576855586 0.0100863499279035 0.0480458787349789 0.0131678358070747 0.108158893091557 0.12745690402798 0.277325652039763 0.000562610962861997 0.122961754739826 
1.63372487365054 0.190723423681056 0.279555351100068 0.334292912090837 0.0606720408717677 0.0563405577232491 0.00907467044004378 0.0468857751063024 0.0127473632696247 0.107918841954592 0.14011650026855 0.266265637894832 0.000540316363622214 0.128591482885991 
1.64110954870034 0.183232177785816 0.299289567729801 0.328514015254542 0.0587838106245035 0.0614035890495941 0.00982793252775079 0.047823266020164 0.0130783252817943 0.108250160647298 0.130883048698606 0.274849864724207 0.000557634421758096 0.1246161559345 
1.64115355253541 0.182559631574155 0.300817633066527 0.327902640596562 0.0586098240711424 0.0618056683950214 0.00988721940640715 0.0478787772769404 0.0130999367541123 0.10823813663279 0.13010731033296 0.275438984219659 0.000558819617774437 0.124248970591355 
1.64115382413045 0.182491284260804 0.300971289975775 0.32783986049764 0.0585921119929719 0.0618461841977067 0.00989318906218352 0.0478842200301187 0.0131020772624919 0.108236629108323 0.13002885011055 0.275497605875485 0.000558937521348138 0.124211584235057 
1.64115383175587 0.182501183691621 0.300949052527026 0.327848960851754 0.0585946777561032 0.061840319737301 0.00989232503451962 0.0478834339251598 0.0131017678551311 0.108236850653426 0.130040210103452 0.275489129071571 0.000558920472633166 0.124217000076175 
1.64115382583749 0.182509533641451 0.300930290939259 0.327856634883568 0.0585968418297467 0.0618353721825098 0.00989159608394605 0.047882770278204 0.0131015067127746 0.108237036681515 0.130049793107676 0.275481975404018 0.000558906084939116 0.12422156800788 
1.64115383175587 0.182501183691621 0.300949052527026 0.327848960851754 0.0585946777561032 0.061840319737301 0.00989232503451962 0.0478834339251598 0.0131017678551311 0.108236850653426 0.130040210103452 0.275489129071571 0.000558920472633166 0.124217000076175 
0.993696264194388 0.0058861141157596 0.523153089251626 0.0201575946497069 0.00486633914781781 0.177592045892469 0.0227672469462361 0.0147548666864408 0.0073838703485123 0.0493066234889949 0.00166665985653516 0.156982618940563 0.000295818365113041 0.00888337650461333 
0.945766950704478 0.000261204310138044 0.534747869768306 0.00132535716743889 0.0014200017055806 0.232461817567242 0.0266000656110484 0.00592484497765912 0.00642081202116897 0.0387012944892568 3.81990287411038e-05 0.0957700934485209 0.000157447911772115 0.00193794269760486 
1.18009795832416 0.0380629090700662 0.482204672680014 0.0984283722541732 0.0165428454506447 0.132542489978905 0.0188133373221518 0.0303973688998843 0.0102546738735055 0.0694011857940036 0.0165323780946393 0.232315961945984 0.000461819138547901 0.0341399438216423 
1.46592295523354 0.106924185657862 0.408900996096824 0.226006987524235 0.0375470658347204 0.0956891996030603 0.0145656574339223 0.0443845842332357 0.0129173592932941 0.0939594889399593 0.061654424039995 0.283405260642726 0.000572540973364776 0.0793952049603461 
1.63651946632281 0.174113738357379 0.318013959792884 0.319401436714199 0.0563864059885042 0.0664400968482357 0.0105647226806515 0.0483263209667366 0.0133016736861709 0.10773216512937 0.120839950692309 0.281280226295069 0.000570528633425794 0.119548240537872 
1.55756357401873 0.199070427857334 0.23000498300026 0.331475536632857 0.0623004167921056 0.0445330505587514 0.0072722285702034 0.0428603573005756 0.0115207639146227 0.103049123564862 0.15566871576915 0.237383469511863 0.000481779422876018 0.131942721123267 
1.63384207067947 0.171703865708132 0.322409181200522 0.316751774615789 0.0557417173132815 0.067658941383546 0.0107410827091627 0.0483869834185194 0.0133406946770497 0.107494074776292 0.118324690857128 0.282533154447744 0.00057302483318681 0.118182884739118 
1.64075767210683 0.180219078648356 0.305922822544511 0.325689440558177 0.0580002933382763 0.0631601576855586 0.0100863499279035 0.0480458787349789 0.0131678358070747 0.108158893091557 0.12745690402798 0.277325652039763 0.000562610962861997 0.122961754739826 
1.63372487365054 0.190723423681056 0.279555351100068 0.334292912090837 0.0606720408717677 0.0563405577232491 0.00907467044004378 0.0468857751063024 0.0127473632696247 0.107918841954592 0.14011650026855 0.266265637894832 0.000540316363622214 0.128591482885991 
1.64110954870034 0.183232177785816 0.299289567729801 0.328514015254542 0.0587838106245035 0.0614035890495941 0.00982793252775079 0.047823266020164 0.0130783252817943 0.108250160647298 0.130883048698606 0.274849864724207 0.000557634421758096 0.1246161559345 
1.64115355253541 0.182559631574155 0.300817633066527 0.327902640596562 0.0586098240711424 0.0618056683950214 0.00988721940640715 0.0478787772769404 0.0130999367541123 0.10823813663279 0.13010731033296 0.275438984219659 0.000558819617774437 0.124248970591355 
1.64115382413045 0.182491284260804 0.300971289975775 0.32783986049764 0.0585921119929719 0.0618461841977067 0.00989318906218352 0.0478842200301187 0.0131020772624919 0.108236629108323 0.13002885011055 0.275497605875485 0.000558937521348138 0.124211584235057 
1.64115383175587 0.182501183691621 0.300949052527026 0.327848960851754 0.0585946777561032 0.061840319737301 0.00989232503451962 0.0478834339251598 0.0131017678551311 0.108236850653426 0.130040210103452 0.275489129071571 0.000558920472633166 0.124217000076175 
1.64115382583749 0.182509533641451 0.300930290939259 0.327856634883568 0.0585968418297467 0.0618353721825098 0.00989159608394605 0.047882770278204 0.0131015067127746 0.108237036681515 0.130049793107676 0.275481975404018 0.000558906084939116 0.12422156800788 
1.64115383175587 0.182501183691621 0.300949052527026 0.327848960851754 0.0585946777561032 0.061840319737301 0.00989232503451962 0.0478834339251598 0.0131017678551311 0.108236850653426 0.130040210103452 0.275489129071571 0.000558920472633166 0.124217000076175 
0.993696264194388 0.0058861141157596 0.523153089251626 0.0201575946497069 0.00486633914781781 0.177592045892469 0.0227672469462361 0.0147548666864408 0.0073838703485123 0.0493066234889949 0.00166665985653516 0.156982618940563 0.000295818365113041 0.00888337650461333 
0.945766950704478 0.000261204310138044 0.534747869768306 0.00132535716743889 0.0014200017055806 0.232461817567242 0.0266000656110484 0.00592484497765912 0.00642081202116897 0.0387012944892568 3.81990287411038e-05 0.0957700934485209 0.000157447911772115 0.00193794269760486 
1.18009795832416 0.0380629090700662 0.482204672680014 0.0984283722541732 0.0165428454506447 0.132542489978905 0.0188133373221518 0.0303973688998843 0.0102546738735055 0.0694011857940036 0.0165323780946393 0.232315961945984 0.000461819138547901 0.0341399438216423 
1.46592295523354 0.106924185657862 0.408900996096824 0.226006987524235 0.0375470658347204 0.0956891996030603 0.0145656574339223 0.0443845842332357 0.0129173592932941 0.0939594889399593 0.061654424039995 0.283405260642726 0.000572540973364776 0.0793952049603461 
1.63651946632281 0.174113738357379 0.318013959792884 0.319401436714199 0.0563864059885042 0.0664400968482357 0.0105647226806515 0.0483263209667366 0.0133016736861709 0.10773216512937 0.120839950692309 0.281280226295069 0.000570528633425794 0.119548240537872 
1.55756357401873 0.199070427857334 0.23000498300026 0.331475536632857 0.0623004167921056 0.0445330505587514 0.0072722285702034 0.0428603573005756 0.0115207639146227 0.103049123564862 0.15566871576915 0.237383469511863 0.000481779422876018 0.131942721123267 
1.63384207067947 0.171703865708132 0.322409181200522 0.316751774615789 0.0557417173132815 0.067658941383546 0.0107410827091627 0.0483869834185194 0.0133406946770497 0.107494074776292 0.118324690857128 0.282533154447744 0.00057302483318681 0.118182884739118 
1.64075767210683 0.180219078648356 0.305922822544511 0.325689440558177 0.0580002933382763 0.0631601576855586 0.0100863499279035 0.0480458787349789 0.0131678358070747 0.108158893091557 0.12745690402798 0.277325652039763 0.000562610962861997 0.122961754739826 
1.63372487365054 0.190723423681056 0.279555351100068 0.334292912090837 0.0606720408717677 0.0563405577232491 0.00907467044004378 0.0468857751063024 0.0127473632696247 0.107918841954592 0.14011650026855 0.266265637894832 0.000540316363622214 0.128591482885991 
1.64110954870034 0.183232177785816 0.299289567729801 0.328514015254542 0.0587838106245035 0.0614035890495941 0.00982793252775079 0.047823266020164 0.0130783252817943 0.108250160647298 0.130883048698606 0.274849864724207 0.000557634421758096 0.1246161559345 
1.64115355253541 0.182559631574155 0.300817633066527 0.327902640596562 0.0586098240711424 0.0618056683950214 0.00988721940640715 0.0478787772769404 0.0130999367541123 0.10823813663279 0.13010731033296 0.275438984219659 0.000558819617774437 0.124248970591355 
1.64115382413045 0.182491284260804 0.300971289975775 0.32783986049764 0.0585921119929719 0.0618461841977067 0.00989318906218352 0.0478842200301187 0.0131020772624919 0.108236629108323 0.13002885011055 0.275497605875485 0.000558937521348138 0.124211584235057 
1.64115383175587 0.182501183691621 0.300949052527026 0.327848960851754 0.0585946777561032 0.061840319737301 0.00989232503451962 0.0478834339251598 0.0131017678551311 0.108236850653426 0.130040210103452 0.275489129071571 0.000558920472633166 0.124217000076175 
1.64115382583749 0.182509533641451 0.300930290939259 0.327856634883568 0.0585968418297467 0.0618353721825098 0.00989159608394605 0.047882770278204 0.0131015067127746 0.108237036681515 0.130049793107676 0.275481975404018 0.000558906084939116 0.12422156800788 
1.64115383175587 0.182501183691621 0.300949052527026 0.327848960851754 0.0585946777561032 0.061840319737301 0.00989232503451962 0.0478834339251598 0.0131017678551311 0.108236850653426 0.130040210103452 0.275489129071571 0.000558920472633166 0.124217000076175 
0.993696264194388 0.0058861141157596 0.523153089251626 0.0201575946497069 0.00486633914781781 0.177592045892469 0.0227672469462361 0.0147548666864408 0.0073838703485123 0.0493066234889949 0.00166665985653516 0.156982618940563 0.000295818365113041 0.00888337650461333 
0.945766950704478 0.000261204310138044 0.534747869768306 0.00132535716743889 0.0014200017055806 0.232461817567242 0.0266000656110484 0.00592484497765912 0.00642081202116897 0.0387012944892568 3.81990287411038e-05 0.0957700934485209 0.000157447911772115 0.00193794269760486 
1.18009795832416 0.0380629090700662 0.482204672680014 0.0984283722541732 0.0165428454506447 0.132542489978905 0.0188133373221518 0.0303973688998843 0.0102546738735055 0.0694011857940036 0.0165323780946393 0.232315961945984 0.000461819138547901 0.0341399438216423 
1.46592295523354 0.106924185657862 0.408900996096824 0.226006987524235 0.0375470658347204 0.0956891996030603 0.0145656574339223 0.0443845842332357 0.0129173592932941 0.0939594889399593 0.061654424039995 0.283405260642726 0.000572540973364776 0.0793952049603461 
1.63651946632281 0.174113738357379 0.318013959792884 0.319401436714199 0.0563864059885042 0.0664400968482357 0.0105647226806515 0.0483263209667366 0.0133016736861709 0.10773216512937 0.120839950692309 0.281280226295069 0.000570528633425794 0.119548240537872 
1.55756357401873 0.199070427857334 0.23000498300026 0.331475536632857 0.0623004167921056 0.0445330505587514 0.0072722285702034 0.0428603573005756 0.0115207639146227 0.103049123564862 0.15566871576915 0.237383469511863 0.000481779422876018 0.131942721123267 
1.63384207067947 0.171703865708132 0.322409181200522 0.316751774615789 0.0557417173132815 0.067658941383546 0.0107410827091627 0.0483869834185194 0.0133406946770497 0.107494074776292 0.118324690857128 0.282533154447744 0.00057302483318681 0.118182884739118 
1.64075767210683 0.180219078648356 0.305922822544511 0.325689440558177 0.0580002933382763 0.0631601576855586 0.0100863499279035 0.0480458787349789 0.0131678358070747 0.108158893091557 0.12745690402798 0.277325652039763 0.000562610962861997 0.122961754739826 
1.63372487365054 0.190723423681056 0.279555351100068 0.334292912090837 0.0606720408717677 0.0563405577232491 0.00907467044004378 0.0468857751063024 0.0127473632696247 0.107918841954592 0.14011650026855 0.266265637894832 0.000540316363622214 0.128591482885991 
1.64110954870034 0.183232177785816 0.299289567729801 0.328514015254542 0.0587838106245035 0.0614035890495941 0.00982793252775079 0.047823266020164 0.0130783252817943 0.108250160647298 0.130883048698606 0.274849864724207 0.000557634421758096 0.1246161559345 
1.64115355253541 0.182559631574155 0.300817633066527 0.327902640596562 0.0586098240711424 0.0618056683950214 0.00988721940640715 0.0478787772769404 0.0130999367541123 0.10823813663279 0.13010731033296 0.275438984219659 0.000558819617774437 0.124248970591355 
1.64115382413045 0.182491284260804 0.300971289975775 0.32783986049764 0.0585921119929719 0.0618461841977067 0.00989318906218352 0.0478842200301187 0.0131020772624919 0.108236629108323 0.13002885011055 0.275497605875485 0.000558937521348138 0.124211584235057 
1.64115383175587 0.182501183691621 0.300949052527026 0.327848960851754 0.0585946777561032 0.061840319737301 0.00989232503451962 0.0478834339251598 0.0131017678551311 0.108236850653426 0.130040210103452 0.275489129071571 0.000558920472633166 0.124217000076175 
1.64115382583749 0.182509533641451 0.300930290939259 0.327856634883568 0.0585968418297467 0.0618353721825098 0.00989159608394605 0.047882770278204 0.0131015067127746 0.108237036681515 0.130049793107676 0.275481975404018 0.000558906084939116 0.12422156800788 
1.64115383175587 0.182501183691621 0.300949052527026 0.327848960851754 0.0585946777561032 0.061840319737301 0.00989232503451962 0.0478834339251598 0.0131017678551311 0.108236850653426 0.130040210103452 0.275489129071571 0.000558920472633166 0.124217000076175 
0.993696264194388 0.0058861141157596 0.523153089251626 0.0201575946497069 0.00486633914781781 0.177592045892469 0.0227672469462361 0.0147548666864408 0.0073838703485123 0.0493066234889949 0.00166665985653516 0.156982618940563 0.000295818365113041 0.00888337650461333 
0.945766950704478 0.000261204310138044 0.534747869768306 0.00132535716743889 0.0014200017055806 0.232461817567242 0.0266000656110484 0.00592484497765912 0.00642081202116897 0.0387012944892568 3.81990287411038e-05 0.0957700934485209 0.000157447911772115 0.00193794269760486 
1.18009795832416 0.0380629090700662 0.482204672680014 0.0984283722541732 0.0165428454506447 0.132542489978905 0.0188133373221518 0.0303973688998843 0.0102546738735055 0.0694011857940036 0.0165323780946393 0.232315961945984 0.000461819138547901 0.0341399438216423 
1.46592295523354 0.106924185657862 0.408900996096824 0.226006987524235 0.0375470658347204 0.0956891996030603 0.0145656574339223 0.0443845842332357 0.0129173592932941 0.0939594889399593 0.061654424039995 0.283405260642726 0.000572540973364776 0.0793952049603461 
1.63651946632281 0.174113738357379 0.318013959792884 0.319401436714199 0.0563864059885042 0.0664400968482357 0.0105647226806515 0.0483263209667366 0.0133016736861709 0.10773216512937 0.120839950692309 0.281280226295069 0.000570528633425794 0.119548240537872 
1.55756357401873 0.199070427857334 0.23000498300026 0.331475536632857 0.0623004167921056 0.0445330505587514 0.0072722285702034 0.0428603573005756 0.0115207639146227 0.103049123564862 0.15566871576915 0.237383469511863 0.000481779422876018 0.131942721123267 
1.63384207067947 0.171703865708132 0.322409181200522 0.316751774615789 0.0557417173132815 0.067658941383546 0.0107410827091627 0.0483869834185194 0.0133406946770497 0.107494074776292 0.118324690857128 0.282533154447744 0.00057302483318681 0.118182884739118 
1.64075767210683 0.180219078648356 0.305922822544511 0.325689440558177 0.0580002933382763 0.0631601576855586 0.0100863499279035 0.0480458787349789 0.0131678358070747 0.108158893091557 0.12745690402798 0.277325652039763 0.000562610962861997 0.122961754739826 
1.63372487365054 0.190723423681056 0.279555351100068 0.334292912090837 0.0606720408717677 0.0563405577232491 0.00907467044004378 0.0468857751063024 0.0127473632696247 0.107918841954592 0.14011650026855 0.266265637894832 0.000540316363622214 0.128591482885991 
1.64110954870034 0.183232177785816 0.299289567729801 0.328514015254542 0.0587838106245035 0.0614035890495941 0.00982793252775079 0.047823266020164 0.0130783252817943 0.108250160647298 0.130883048698606 0.274849864724207 0.000557634421758096 0.1246161559345 
1.64115355253541 0.182559631574155 0.300817633066527 0.327902640596562 0.0586098240711424 0.0618056683950214 0.00988721940640715 0.0478787772769404 0.0130999367541123 0.10823813663279 0.13010731033296 0.275438984219659 0.000558819617774437 0.124248970591355 
1.64115382413045 0.182491284260804 0.300971289975775 0.32783986049764 0.0585921119929719 0.0618461841977067 0.00989318906218352 0.0478842200301187 0.0131020772624919 0.108236629108323 0.13002885011055 0.275497605875485 0.000558937521348138 0.124211584235057 
1.64115383175587 0.182501183691621 0.300949052527026 0.327848960851754 0.0585946777561032 0.061840319737301 0.00989232503451962 0.0478834339251598 0.0131017678551311 0.108236850653426 0.130040210103452 0.275489129071571 0.000558920472633166 0.124217000076175 
1.64115382583749 0.182509533641451 0.300930290939259 0.327856634883568 0.0585968418297467 0.0618353721825098 0.00989159608394605 0.047882770278204 0.0131015067127746 0.108237036681515 0.130049793107676 0.275481975404018 0.000558906084939116 0.12422156800788 
1.64115383175587 0.182501183691621 0.300949052527026 0.327848960851754 0.0585946777561032 0.061840319737301 0.00989232503451962 0.0478834339251598 0.0131017678551311 0.108236850653426 0.130040210103452 0.275489129071571 0.000558920472633166 0.124217000076175 
0.993696264194388 0.0058861141157596 0.523153089251626 0.0201575946497069 0.00486633914781781 0.177592045892469 0.0227672469462361 0.0147548666864408 0.0073838703485123 0.0493066234889949 0.00166665985653516 0.156982618940563 0.000295818365113041 0.00888337650461333 
0.945766950704478 0.000261204310138044 0.534747869768306 0.00132535716743889 0.0014200017055806 0.232461817567242 0.0266000656110484 0.00592484497765912 0.00642081202116897 0.0387012944892568 3.81990287411038e-05 0.0957700934485209 0.000157447911772115 0.00193794269760486 
1.18009795832416 0.0380629090700662 0.482204672680014 0.0984283722541732 0.0165428454506447 0.132542489978905 0.0188133373221518 0.0303973688998843 0.0102546738735055 0.0694011857940036 0.0165323780946393 0.232315961945984 0.000461819138547901 0.0341399438216423 
1.46592295523354 0.106924185657862 0.408900996096824 0.226006987524235 0.0375470658347204 0.0956891996030603 0.0145656574339223 0.0443845842332357 0.0129173592932941 0.0939594889399593 0.061654424039995 0.283405260642726 0.000572540973364776 0.0793952049603461 
1.63651946632281 0.174113738357379 0.318013959792884 0.319401436714199 0.0563864059885042 0.0664400968482357 0.0105647226806515 0.0483263209667366 0.0133016736861709 0.10773216512937 0.120839950692309 0.281280226295069 0.000570528633425794 0.119548240537872 
1.55756357401873 0.199070427857334 0.23000498300026 0.331475536632857 0.0623004167921056 0.0445330505587514 0.0072722285702034 0.0428603573005756 0.0115207639146227 0.103049123564862 0.15566871576915 0.237383469511863 0.000481779422876018 0.131942721123267 
1.63384207067947 0.171703865708132 0.322409181200522 0.316751774615789 0.0557417173132815 0.067658941383546 0.0107410827091627 0.0483869834185194 0.0133406946770497 0.107494074776292 0.118324690857128 0.282533154447744 0.00057302483318681 0.118182884739118 
1.64075767210683 0.180219078648356 0.305922822544511 0.325689440558177 0.0580002933382763 0.0631601576855586 0.0100863499279035 0.0480458787349789 0.0131678358070747 0.108158893091557 0.12745690402798 0.277325652039763 0.000562610962861997 0.122961754739826 
1.63372487365054 0.190723423681056 0.279555351100068 0.334292912090837 0.0606720408717677 0.0563405577232491 0.00907467044004378 0.0468857751063024 0.0127473632696247 0.107918841954592 0.14011650026855 0.266265637894832 0.000540316363622214 0.128591482885991 
1.64110954870034 0.183232177785816 0.299289567729801 0.328514015254542 0.0587838106245035 0.0614035890495941 0.00982793252775079 0.047823266020164 0.0130783252817943 0.108250160647298 0.130883048698606 0.274849864724207 0.000557634421758096 0.1246161559345 
1.64115355253541 0.182559631574155 0.300817633066527 0.327902640596562 0.0586098240711424 0.0618056683950214 0.00988721940640715 0.0478787772769404 0.0130999367541123 0.10823813663279 0.13010731033296 0.275438984219659 0.000558819617774437 0.124248970591355 
1.64115382413045 0.182491284260804 0.300971289975775 0.32783986049764 0.0585921119929719 0.0618461841977067 0.00989318906218352 0.0478842200301187 0.0131020772624919 0.108236629108323 0.13002885011055 0.275497605875485 0.000558937521348138 0.124211584235057 
1.64115383175587 0.182501183691621 0.300949052527026 0.327848960851754 0.0585946777561032 0.061840319737301 0.00989232503451962 0.0478834339251598 0.0131017678551311 0.108236850653426 0.130040210103452 0.275489129071571 0.000558920472633166 0.124217000076175 
1.64115382583749 0.182509533641451 0.300930290939259 0.327856634883568 0.0585968418297467 0.0618353721825098 0.00989159608394605 0.047882770278204 0.0131015067127746 0.108237036681515 0.130049793107676 0.275481975404018 0.000558906084939116 0.12422156800788 
1.64115383175587 0.182501183691621 0.300949052527026 0.327848960851754 0.0585946777561032 0.061840319737301 0.00989232503451962 0.0478834339251598 0.0131017678551311 0.108236850653426 0.130040210103452 0.275489129071571 0.000558920472633166 0.124217000076175 
1.27644098932987 0.0586870816103973 0.460177382968019 0.140468976067962 0.0230984468275993 0.118975481123155 0.0173607563605365 0.035988439324688 0.0113382596022309 0.0780774724511434 0.0284881086475292 0.254952233823801 0.000510888480544693 0.0483174620422659 
0.993696264194388 0.0058861141157596 0.523153089251626 0.0201575946497069 0.00486633914781781 0.177592045892469 0.0227672469462361 0.0147548666864408 0.0073838703485123 0.0493066234889949 0.00166665985653516 0.156982618940563 0.000295818365113041 0.00888337650461333 
0.945766950704478 0.000261204310138044 0.534747869768306 0.00132535716743889 0.0014200017055806 0.232461817567242 0.0266000656110484 0.00592484497765912 0.00642081202116897 0.0387012944892568 3.81990287411038e-05 0.0957700934485209 0.000157447911772115 0.00193794269760486 
1.18009795832416 0.0380629090700662 0.482204672680014 0.0984283722541732 0.0165428454506447 0.132542489978905 0.0188133373221518 0.0303973688998843 0.0102546738735055 0.0694011857940036 0.0165323780946393 0.232315961945984 0.000461819138547901 0.0341399438216423 
1.46592295523354 0.106924185657862 0.408900996096824 0.226006987524235 0.0375470658347204 0.0956891996030604 0.0145656574339223 0.0443845842332357 0.0129173592932941 0.0939594889399593 0.0616544240399951 0.283405260642726 0.000572540973364776 0.0793952049603461 
1.63651946632281 0.174113738357379 0.318013959792884 0.319401436714199 0.0563864059885042 0.0664400968482357 0.0105647226806515 0.0483263209667366 0.0133016736861709 0.10773216512937 0.120839950692309 0.281280226295069 0.000570528633425794 0.119548240537872 
1.55756357401873 0.199070427857334 0.23000498300026 0.331475536632857 0.0623004167921055 0.0445330505587514 0.0072722285702034 0.0428603573005756 0.0115207639146227 0.103049123564862 0.15566871576915 0.237383469511863 0.000481779422876018 0.131942721123267 
1.63384207067947 0.171703865708132 0.322409181200522 0.316751774615789 0.0557417173132814 0.0676589413835461 0.0107410827091627 0.0483869834185194 0.0133406946770497 0.107494074776292 0.118324690857128 0.282533154447744 0.000573024833186811 0.118182884739118 
1.64075767210682 0.180219078648356 0.305922822544511 0.325689440558177 0.0580002933382763 0.0631601576855586 0.0100863499279035 0.0480458787349789 0.0131678358070747 0.108158893091557 0.12745690402798 0.277325652039763 0.000562610962861997 0.122961754739826 
1.63372487365053 0.190723423681056 0.279555351100068 0.334292912090837 0.0606720408717677 0.0563405577232491 0.00907467044004377 0.0468857751063024 0.0127473632696247 0.107918841954592 0.14011650026855 0.266265637894832 0.000540316363622214 0.128591482885991 
1.64110954870034 0.183232177785813 0.299289567729807 0.32851401525454 0.0587838106245028 0.0614035890495956 0.00982793252775103 0.0478232660201642 0.0130783252817944 0.108250160647298 0.130883048698603 0.27484986472421 0.000557634421758101 0.124616155934499 
1.64115355253541 0.182559631574156 0.300817633066523 0.327902640596564 0.0586098240711429 0.0618056683950203 0.00988721940640698 0.0478787772769403 0.0130999367541122 0.10823813663279 0.130107310332963 0.275438984219658 0.000558819617774434 0.124248970591356 
1.64115382413045 0.182491284260804 0.300971289975775 0.32783986049764 0.0585921119929718 0.0618461841977068 0.00989318906218354 0.0478842200301187 0.0131020772624919 0.108236629108323 0.13002885011055 0.275497605875485 0.000558937521348139 0.124211584235057 
1.64115383175587 0.182501183691644 0.300949052526974 0.327848960851775 0.0585946777561091 0.0618403197372874 0.00989232503451762 0.0478834339251579 0.0131017678551304 0.108236850653426 0.130040210103478 0.275489129071551 0.000558920472633126 0.124217000076187 
1.64115382583749 0.182509533641474 0.300930290939208 0.32785663488359 0.0585968418297527 0.0618353721824962 0.00989159608394405 0.0478827702782021 0.0131015067127739 0.108237036681516 0.130049793107702 0.275481975403998 0.000558906084939077 0.124221568007892 
1.64115383175587 0.182501183691644 0.300949052526974 0.327848960851775 0.0585946777561091 0.0618403197372874 0.00989232503451762 0.0478834339251579 0.0131017678551304 0.108236850653426 0.130040210103478 0.275489129071551 0.000558920472633126 0.124217000076187 
0 0 0 0 0 0 0 0 0 0 0 0 0 0 
0.949970892932157 3.6047242283692e-06 0.528493202118097 3.12743581052677e-05 0.000474510440790155 0.294866035280542 0.0318251639814075 0.00256463555376339 0.00739903946895819 0.0314007125770536 9.32740828236838e-08 0.0520175632776664 6.59053319997281e-05 0.000829152545462474 
1.41625599303561 0.0931075212946226 0.423960899605277 0.203058011375489 0.0334983775745349 0.101740677736535 0.01532764669734 0.042484410739306 0.0125742839687998 0.0899029175321558 0.0514521054553224 0.277878091486669 0.000560494855766643 0.0707105547137875 
